626
718
322
455
916
261
371
718
761
872
765
952
988
377
337
986
486
997
707
440
212
11
704
706
561
470
255
708
627
860
887
63
223
537
905
739
785
29
151
67
4
391
284
939
731
235
391
576
808
952
64
574
495
907
447
82
23
148
858
563
221
536
464
987
392
219
534
67
803
789
799
70
186
739
340
395
943
309
54
99
911
217
830
237
183
112
781
689
307
339
161
966
884
841
233
333
262
373
42
794
480
697
271
229
597
201
960
543
693
181
107
444
150
605
629
557
353
824
67
122
703
420
829
396
663
721
915
333
484
923
101
600
590
29
331
712
157
151
585
520
589
644
570
336
954
456
56
637
620
676
368
761
73
404
731
390
457
695
406
609
152
888
736
581
286
151
195
187
774
490
961
857
208
162
609
703
843
786
414
137
889
856
63
651
748
694
725
484
199
933
88
162
199
364
653
390
746
316
891
54
357
29
174
16
345
566
589
310
371
265
923
100
981
492
789
848
933
789
631
658
417
16
589
192
55
767
468
411
939
252
215
84
899
380
797
620
301
690
256
663
177
549
70
314
172
542
691
493
281
708
686
536
425
313
731
852
721
326
910
9
687
215
710
110
335
494
75
80
799
234
700
906
691
814
579
727
165
370
378
370
497
892
425
67
751
868
735
117
874
738
868
554
967
369
886
529
858
508
175
354
638
911
705
324
796
340
845
729
145
714
174
757
810
491
67
630
276
193
979
689
974
545
843
189
549
877
787
219
583
328
449
827
697
864
150
306
849
800
679
976
57
10
519
673
609
511
952
215
389
496
358
378
735
928
584
289
917
560
47
961
990
816
956
730
799
289
758
545
6
304
264
392
288
340
210
697
683
331
81
992
776
162
69
443
934
536
622
650
739
525
581
405
359
701
959
646
13
768
963
263
399
549
499
34
246
328
641
699
376
52
435
922
822
712
217
823
388
479
271
153
503
734
576
994
456
660
310
480
127
226
288
482
380
514
289
545
303
869
6
411
500
628
193
498
601
222
987
59
208
392
469
885
800
750
49
888
368
465
800
41
12
865
296
894
421
691
16
540
53
777
386
170
210
296
484
967
942
534
999
954
224
457
601
656
74
622
760
313
203
818
398
30
554
534
241
402
412
148
609
801
387
275
469
317
71
930
814
130
301
109
737
317
862
765
442
709
945
422
30
776
273
366
937
531
911
191
518
625
518
799
848
710
392
278
222
602
717
952
628
463
526
189
929
383
124
135
614
932
592
354
802
18
410
77
430
231
10
334
514
938
614
957
130
477
956
833
373
133
592
283
451
221
265
534
748
156
909
732
771
370
620
220
855
54
769
48
412
643
744
353
685
662
779
755
68
88
41
747
615
985
854
723
674
473
648
782
729
421
806
976
591
965
269
798
50
744
510
374
225
790
124
6
655
217
286
42
174
403
126
480
395
670
254
668
744
141
715
416
2
457
972
956
495
449
100
293
487
729
942
410
955
337
333
990
377
555
228
265
592
645
302
84
271
798
192
82
413
68
908
628
19
389
212
576
75
733
687
777
890
527
586
136
678
418
743
299
60
426
340
942
598
343
15
151
913
501
896
367
364
488
205
733
79
997
482
339
4
2
462
956
662
818
165
505
286
823
773
815
39
384
899
631
300
746
763
750
858
921
788
85
961
806
498
663
695
133
741
646
928
330
447
778
411
199
119
721
227
987
48
527
247
859
131
535
698
738
347
515
70
493
742
88
434
906
31
444
518
688
849
50
652
253
294
675
129
973
516
325
169
948
388
658
580
289
281
687
450
626
844
695
650
399
554
428
87
996
180
982
834
476
669
241
550
317
339
690
460
607
339
662
13
526
376
788
891
495
753
694
313
658
505
218
354
777
744
474
688
513
56
622
991
677
509
628
744
871
610
371
234
457
549
718
979
871
285
65
93
581
149
61
65
773
695
290
747
582
826
344
651
631
485
493
449
859
105
700
550
774
168
461
904
803
80
464
910
255
544
278
71
868
146
463
242
638
151
899
923
192
8
608
243
582
980
870
514
552
95
417
350
362
711
538
309
211
829
182
520
287
666
551
935
27
731
811
396
189
784
206
724
304
451
471
379
684
263
179
520
134
578
659
717
1
399
707
185
189
65
982
32
301
851
249
217
90
964
901
445
107
239
608
663
658
597
289
121
953
93
209
703
940
637
36
97
566
140
332
296
127
8
658
704
830
289
820
533
762
961
327
949
987
34
450
197
471
117
931
741
684
272
85
631
901
176
907
677
285
417
989
462
768
